
a = 1;
h=[];
h =[1.0024,1.0024,1.0024];
expected = 9.2517663;
x=Lubrication(0.001,0.950,0.0125,100,h)
